197
335 9 20
332 7 19
330 9 32
329 10 32
327 10 34
326 11 34
324 13 36
323 13 37
322 8 38
321 5 39
320 6 39
319 7 39
318 11 40
317 12 40
316 13 40
315 14 40
313 14 42
311 12 42
310 12 43
308 12 44
306 13 44
305 15 44
304 16 45
303 17 45
302 17 46
301 18 46
299 17 49
298 13 50
297 10 51
295 11 51
294 13 51
293 15 51
292 17 51
291 19 51
290 21 51
289 20 50
288 10 47
286 7 43
285 8 43
284 9 43
282 2 38
281 3 37
280 4 37
279 4 36
278 5 36
277 4 34
276 3 33
273 0 30
272 1 29
271 1 28
270 4 25
269 5 24
268 5 23
267 6 21
266 6 20
265 5 18
263 4 17
259 6 17
258 7 18
253 8 19
249 10 18
246 11 18
245 11 19
244 12 19
243 13 20
242 13 21
241 14 21
239 16 22
234 14 22
233 15 22
232 15 21
228 16 24
227 15 25
225 13 24
224 16 33
222 14 34
221 14 33
220 14 32
219 14 31
217 18 22
216 18 20
215 19 19
214 21 17
207 22 17
201 20 18
200 20 19
199 18 30
198 17 30
197 17 31
195 16 31
193 15 31
192 14 29
189 16 30
166 19 34
159 20 36
150 21 37
147 20 39
146 16 40
145 18 40
144 18 39
143 16 37
142 15 37
139 13 27
135 17 20
134 15 16
133 14 15
132 13 15
131 11 13
130 11 10
129 15 10
128 19 10
127 20 10
126 20 11
124 19 12
123 18 14
120 16 17
118 16 16
117 17 16
116 16 13
115 14 13
114 12 13
112 10 14
111 9 15
109 9 16
108 10 16
107 14 18
104 17 18
102 16 19
99 10 23
98 9 24
97 9 25
96 8 26
95 8 27
94 8 28
93 9 29
91 9 28
90 9 26
89 10 24
88 11 24
87 12 23
84 13 23
83 15 26
81 14 35
80 13 34
78 12 34
77 12 33
76 11 32
75 10 31
74 10 30
69 7 25
66 9 22
65 10 22
64 6 16
63 4 14
62 3 11
59 8 14
57 11 14
56 12 14
54 14 14
51 16 14
50 23 13
49 23 14
48 24 16
47 24 17
46 24 19
45 24 21
44 24 22
43 23 24
42 23 25
41 23 26
40 23 27
39 22 27
38 22 28
37 21 28
36 20 28
35 19 28
34 12 25
32 12 24
28 14 24
22 11 22
21 11 21
19 12 20
18 14 20
17 15 20
16 16 20
15 17 26
10 18 26
##end
end 9 5
custom 8 89
7 4 8
6 1 5
5 9 3
4 16 5
3 16 3
2 16 7
start 23 3
##start
nostart 1 1
243-19
189-139
131-56
99-21
custom-nostart
7-4
7-2
7-6
6-5
5-3
5-2
4-2
4-3
3-start
2-start
